Date,Actual,Forecast,Benchmark,LookbackUsed
1989-04-01,0.0039637826961771,,,
1989-05-01,-0.002079207920792,,,
1989-06-01,-0.0059561555369682,,,
1989-07-01,-0.0019646365422396,,,
1989-08-01,0.0019607843137254,,,
1989-09-01,0.0058670043359809,,,
1989-10-01,-6.079835844441384e-05,,,
1989-11-01,-0.0039134257440558,,,
1989-12-01,-0.001934178750661,,,
1990-01-01,0.0019120318279757,,,
1990-02-01,0.0057105671083035,,,
1990-03-01,-0.0057612663963404,,,
1990-04-01,0.020701390891388,,,
1990-05-01,-0.0134526974631661,,,
1990-06-01,-0.0073930481283421,,,
1990-07-01,-0.0036363636363636,,,
1990-08-01,0.0090579710144926,,,
1990-09-01,-8.131033226654871e-05,,,
1990-10-01,-7.986352920119622e-05,,,
1990-11-01,-0.0053694602923548,,,
1990-12-01,-0.0017698676163817,,,
1991-01-01,-0.0017574692442883,,,
1991-02-01,0.0035087719298245,,,
1991-03-01,0.0017359833149306,,,
1991-04-01,0.0156248099726361,,,
1991-05-01,-0.0123516776535073,,,
1991-06-01,-0.0034503199963165,,,
1991-07-01,-0.0084289121053827,,,
1991-08-01,0.0134793883826719,,,
1991-09-01,-0.0067791456812507,,,
1991-10-01,0.0016527823688399,,,
1991-11-01,-0.0033360513933731,,,
1991-12-01,0.0016501559848942,,,
1992-01-01,-0.0066006780399473,,,
1992-02-01,0.0082535706019305,,,
1992-03-01,-2.4467159634333768e-05,,,
1992-04-01,0.006522417951589,,,
1992-05-01,-0.0049841365685197,,,
1992-06-01,-0.0064724919093852,,,
1992-07-01,-0.0032154340836013,,,
1992-08-01,0.0048283373094079,,,
1992-09-01,0.0016077086904575,,,
1992-10-01,-1.033904306990685e-05,,,
1992-11-01,-0.0032102728731941,,,
1992-12-01,0.0016,,,
1993-01-01,-0.0047948881789138,,,
1993-02-01,0.008002580486606,,,
1993-03-01,-2.3003312477065663e-05,,,
1993-04-01,0.0015645173539911,,,
1993-05-01,-0.0031946322167142,,,
1993-06-01,-0.003154574132492,,,
1993-07-01,-0.0031446540880503,,,
1993-08-01,0.0078765152867884,,,
1993-09-01,-2.2285060590654385e-05,,,
1993-10-01,-0.0047095761381474,,,
1993-11-01,-0.003125,,,
1993-12-01,0.0062597962382446,,,
1994-01-01,-0.0031347962382446,,,
1994-02-01,0.003125,,,
1994-03-01,-9.73520249214488e-06,,,
1994-04-01,0.0046487103577717,,,
1994-05-01,-0.0046823110566664,,,
1994-06-01,-0.0030816640986131,,,
1994-07-01,-0.0061443932411673,,,
1994-08-01,0.0123267734575505,,,
1994-09-01,-0.0046462819060912,,,
1994-10-01,-0.0030698406415803,,,
1994-11-01,0.0030698406415803,,,
1994-12-01,0.003065128683573,,,
1995-01-01,-0.0046012269938648,,,
1995-02-01,0.0030534351145039,,,
1995-03-01,0.001512774931158,,,
1995-04-01,0.001494396014944,,,
1995-05-01,-0.0015425337714494,,,
1995-06-01,-0.0030188219143441,,,
1995-07-01,-0.0044932623508605,,,
1995-08-01,0.0074985164805526,,,
1995-09-01,-2.0199571769241587e-05,,,
1995-10-01,-0.0059724001708307,,,
1995-11-01,0.0014880952380953,,,
1995-12-01,0.0059612518628913,,,
1996-01-01,-0.0074427333443727,,,
1996-02-01,0.0059325200571489,,,
1996-03-01,-0.0014968288267753,,,
1996-04-01,0.0029368064514023,,,
1996-05-01,-0.0014986296702799,,,
1996-06-01,-0.0029346605824926,,,
1996-07-01,-0.0072801422502876,,,
1996-08-01,0.0116789316761186,,,
1996-09-01,-0.0014897031462788,,,
1996-10-01,-0.0029175368647553,,,
1996-11-01,-2.0973594243578475e-06,,,
1996-12-01,0.0014429954075103,,,
1997-01-01,-0.0057720177908082,,,
1997-02-01,0.0043269310856057,,,
1997-03-01,-2.085262200690607e-06,,,
1997-04-01,0.0028797651276035,,,
1997-05-01,-1.8605881939581792e-05,,,
1997-06-01,-0.0028755892600942,,,
1997-07-01,-0.002855104952109,,,
1997-08-01,0.0057122478092519,,,
1997-09-01,-0.0014407640723428,,,
1997-10-01,-0.0014265104970594,,,
1997-11-01,-0.0014184397163119,,,
1997-12-01,0.0014164305949009,,,
1998-01-01,-0.005659712065905,,,
1998-02-01,0.0070841905619131,,,
1998-03-01,-8.047901107310906e-06,,,
1998-04-01,0.0028168563243227,,,
1998-05-01,-0.0014362343680569,,,
1998-06-01,-0.0056120845446687,,,
1998-07-01,-0.0014025190495778,,,
1998-08-01,0.0056101092122242,,,
1998-09-01,0.0013926919082238,,,
1998-10-01,-0.0042016806722688,,,
1998-11-01,0.0013947001394698,,,
1998-12-01,0.0013908151808643,,,
1999-01-01,-0.0055632930981119,,,
1999-02-01,0.0041705354379451,,,
1999-03-01,0.0041705246764112,,,
1999-04-01,-0.0014139047432175,0.0019404773158170265,-3.941124727029413e-06,12.0
1999-05-01,-0.0013945566567217,-0.002650957282902281,-4.875518672198438e-05,12.0
1999-06-01,-0.0041284473102655,-0.0034613829324133356,-4.304975952139859e-05,12.0
1999-07-01,-0.0027529210816694,-0.001184512545955965,-2.7818857632209405e-05,12.0
1999-08-01,0.0068889783945221,0.004262102636823325,-3.438789546079115e-05,12.0
1999-09-01,-7.61000258719946e-06,0.0013905687807729352,6.680388545848038e-06,12.0
1999-10-01,-0.0027548209366392,-0.003501120160694373,-4.227473094221953e-05,12.0
1999-11-01,0.0013736263736265,0.0010352752243754778,-6.472491909384262e-05,12.0
1999-12-01,0.001369857851339,0.0008802190100088923,-2.0666151446490245e-05,12.0
2000-01-01,-0.0095834295054033,-0.0048389825982320155,6.867486903509857e-06,12.0
2000-02-01,0.009594766217077,0.003856762315267525,-8.892802420798186e-05,12.0
2000-03-01,-7.568189386519819e-06,0.0035009125653084716,-5.655969830153593e-05,12.0
2000-04-01,0.001362336293843,-0.0006404710959752664,-8.612213243586997e-06,12.0
2000-05-01,-0.0013810760806591,-0.0033133707719686088,-0.00016977100155646206,12.0
2000-06-01,-0.0013679687427496,-0.001114680340814599,-6.91741567022371e-05,12.0
2000-07-01,-0.0054366311742086,-0.0039507418601434615,-1.8965161822299554e-05,12.0
2000-08-01,0.0040760869565217,0.006730397708091447,-3.396739130434127e-05,12.0
2000-09-01,0.0068212824010913,-0.0006631567764364977,-7.548309178743202e-05,12.0
2000-10-01,-0.0068212824010913,-0.0017742820561852512,-1.7961485676116704e-05,12.0
2000-11-01,0.0027100271002711,0.0014383618286844823,-7.413997627520088e-05,12.0
2000-12-01,-0.0027100271002711,-0.00014937205913073478,-6.81091466998507e-06,12.0
2001-01-01,-0.0067567567567567,-0.005188090164063953,-1.4645577035730014e-05,12.0
2001-02-01,0.0094778451921309,0.004442513668246936,-5.630630630630003e-05,12.0
2001-03-01,-7.38422913260095e-06,0.0034906376431647263,-6.564029120413305e-06,12.0
2001-04-01,0.0040521956584405,-0.0010111971379554714,-2.1092091987606697e-05,12.0
2001-05-01,-4.546975715502555e-05,-0.0014372923270818347,-0.00011753054460590338,12.0
2001-06-01,-0.0053853166228807,0.0008961314448008039,-1.497881213630113e-05,12.0
2001-07-01,-0.0080017801513129,-0.006632063203417292,-3.110378402433605e-05,12.0
2001-08-01,0.0106935123042505,0.0067975431538021686,-2.7544351073754506e-05,12.0
2001-09-01,-0.0013530488461399,0.0027369393414309225,-5.0759985060599455e-05,12.0
2001-10-01,-0.0040071301247771,-0.0033467810951024997,-5.542511434676138e-06,12.0
2001-11-01,0.0013333333333332,0.002293022068144488,-5.270844888148445e-05,12.0
2001-12-01,0.0013351134846462,-0.002594691657604226,-1.379690949226533e-05,12.0
2002-01-01,-0.0040017801513129,-0.005627893241520985,-1.6422263660998612e-05,12.0
2002-02-01,0.0053404634581105,0.007885517669996176,5.235218744288067e-06,12.0
2002-03-01,-7.130124777265934e-06,0.0001156572556316597,-1.9040674120878592e-05,12.0
2002-04-01,0.0026524822695035,0.0017489280471450742,-1.8896198830403026e-05,12.0
2002-05-01,-0.0026736462906673,0.0010049464840423857,-5.114566284778217e-05,12.0
2002-06-01,-0.0026455026455027,-0.005749254835443952,-3.1891577199012175e-05,12.0
2002-07-01,-0.0026385224274406,-0.005234530991472028,8.673617379884035e-18,12.0
2002-08-01,0.0052840250729434,0.008822316345421119,4.807597134681187e-06,12.0
2002-09-01,-6.980218062002663e-06,-0.0017463221846398672,8.604995164143645e-06,12.0
2002-10-01,-0.0013227329537566,-0.0024456548441863803,-4.850745740185569e-06,12.0
2002-11-01,-0.0013157894736841,0.0011215673213237842,-1.578736166257469e-05,12.0
2002-12-01,0.0026281208935612,0.000429181455738703,8.673617379884035e-18,12.0
2003-01-01,-0.0078705848516213,-0.0026829591181890223,8.567674113018712e-06,12.0
2003-02-01,0.007877510071367,0.0036755708096038744,-1.706313149287715e-05,12.0
2003-03-01,0.0013071352270348,0.0006633228434622041,-1.8105384953202158e-05,12.0
2003-04-01,0.001293420753899,0.001685044010284019,-7.020897123936597e-06,12.0
2003-05-01,-0.0052356020942407,-0.003205667370418472,-9.280035458037427e-06,12.0
2003-06-01,-0.0013020833333332,-0.000770386359333408,-2.6288117770758257e-05,12.0
2003-07-01,-1.6976314647365598e-06,-0.003187138218801609,-1.0850694444434923e-05,12.0
2003-08-01,0.0039147470222393,0.005642859478537421,1.5340609360444772e-05,12.0
2003-09-01,-6.799390774636649e-06,-0.0006989513959111281,-1.7674126177464473e-05,12.0
2003-10-01,-0.0013054653679656,-0.0010184475571598734,-1.75450789289976e-05,12.0
2003-11-01,-0.0012987012987011,-0.00015153786044619727,1.082251082251736e-05,12.0
2003-12-01,0.0025940337224383,0.0003791226558868903,2.604166666667487e-05,12.0
2004-01-01,-0.0064750169048445,-0.005097773709085792,-4.506354298377686e-06,12.0
2004-02-01,0.0064783857798088,0.005617841007691584,-3.2341526520043474e-05,12.0
2004-03-01,-0.0013020658098379,0.001792702381793888,-4.396645021636827e-06,12.0
2004-04-01,0.0025856463948414,0.000827802169577833,-1.5166066749518117e-05,12.0
2004-05-01,-1.5003800962754e-05,-0.005104515775864341,-3.235826644060394e-05,12.0
2004-06-01,-0.0038659793814435,4.613327511333084e-05,6.535960690259712e-06,12.0
2004-07-01,-0.0025673940949936,-0.001266289340545238,6.3606527452482924e-18,12.0
2004-08-01,0.0051413966689962,0.004261589098849178,2.9808326218120533e-05,12.0
2004-09-01,-0.0025740025740026,-0.00032940250012136036,-3.0069813686498666e-05,12.0
2004-10-01,0.0025673940949935,-0.001002546937183124,-1.2800819252426987e-05,12.0
2004-11-01,-6.574632765543598e-06,0.0003206347976771136,3.4176136885687965e-05,12.0
2004-12-01,0.0012705981622931,0.00044117317064231283,8.539342932805982e-06,12.0
2005-01-01,-0.0076482115176508,-0.004647329555734896,-6.415078077859811e-06,12.0
2005-02-01,0.0063710723094771,0.005040795529906317,-3.18066157760764e-05,12.0
2005-03-01,0.0012673776346079,-0.0013305910914487417,-4.159639151299759e-06,12.0
2005-04-01,-1.4549451970768956e-05,0.0028054943803129256,-6.204616622550565e-06,12.0
2005-05-01,-1.443908950293782e-05,-0.0005295236953477224,-1.877916218017365e-05,12.0
2005-06-01,-0.0037926675094817,-0.0024089527967751895,-6.045039830619815e-06,12.0
2005-07-01,0.0012594458438286,-0.002864649083121991,-1.2493753123433172e-05,12.0
2005-08-01,0.0012562774266116,0.004372064386454962,3.544548183230937e-05,12.0
2005-09-01,-6.312981857936606e-06,-0.0010972776209602032,-1.65731769505324e-05,12.0
2005-10-01,-0.001257845833013,0.0015755915388171856,-1.6457455367938152e-05,12.0
2005-11-01,-0.0012515644555692,0.0011301353017876986,2.2830497447209306e-05,12.0
2005-12-01,0.0037499999999999,-0.0006724148274361105,5.204170427930421e-18,12.0
2006-01-01,-0.0074859900373598,-0.005030874562042298,-1.842709885742314e-05,12.0
2006-02-01,0.0062359900373598,0.005200031177301436,-1.8787571298982224e-05,12.0
2006-03-01,-6.234413965078289e-06,0.00015502738202624632,-1.625865479722476e-05,12.0
2006-04-01,0.003725139886602,0.0006187084820256844,-3.8370346904728715e-06,12.0
2006-05-01,-0.0012745297000782,-0.0013015078337803123,2.732410602858017e-06,12.0
2006-06-01,-0.0024843511723127,-0.0019539032438965764,4.5999103545388534e-06,12.0
2006-07-01,-0.0024600246002459,-0.0003091126015469243,8.352488772704643e-06,12.0
2006-08-01,0.003680981595092,0.0014108603122009301,4.852013585638553e-05,12.0
2006-09-01,-0.0024584877075612,0.0005918212225882781,-1.8129448152169517e-05,12.0
2006-10-01,-1.4926665294900945e-06,-0.000710470079199931,-2.6202652829522873e-05,12.0
2006-11-01,0.0012180231692426,-9.164715868912815e-05,-1.902284510974482e-06,12.0
2006-12-01,0.0024271556584178,0.0017455352209852458,8.265386561250177e-06,12.0
2007-01-01,-0.0109194488137949,-0.005346682764536746,1.6466721985479263e-05,12.0
2007-02-01,0.0097073491549017,0.004810500780454302,-2.6428536539409847e-05,12.0
2007-03-01,0.0012002885422701,-0.00020990680237006676,1.8408280704723494e-05,12.0
2007-04-01,-0.0012311805262417,0.003010490689110286,2.8428062408646728e-05,12.0
2007-05-01,-0.0012164495369644,-0.001777133344723477,-5.829818040063312e-06,12.0
2007-06-01,-5.77848467897546e-06,-0.0008238759034490249,-1.5811848498603445e-05,12.0
2007-07-01,-0.0071913795458303,-0.0031566635284532895,8.103241296523432e-06,12.0
2007-08-01,0.0084005274649258,0.003102643801445597,-2.803238031782074e-05,12.0
2007-09-01,-0.002411067535863,-0.0010239735312133774,-5.630049853871481e-06,12.0
2007-10-01,0.0023937736038712,5.69270856726398e-05,-1.3715912049873191e-05,12.0
2007-11-01,-1.2862103954347504e-05,0.0009417977438973236,1.8119788791215163e-05,12.0
2007-12-01,0.0011762903010681,0.00133065106020614,2.9832935560861425e-05,12.0
2008-01-01,-0.0094899703790221,-0.009575955864986437,2.7831766445588167e-05,12.0
2008-02-01,0.0106790310211146,0.009199647824234405,-4.0870528303876484e-06,12.0
2008-03-01,-0.0023992039196834,9.798871606038721e-05,2.586995099629153e-05,12.0
2008-04-01,0.004698894819938,-0.0005638750265868764,5.943650841490778e-06,12.0
2008-05-01,-0.0024038726153912,-0.0009415838608179492,2.1627304971618175e-05,12.0
2008-06-01,-3.3920566175016376e-05,0.0008695262964371111,1.3563652910499018e-05,12.0
2008-07-01,-0.0058072009291521,-0.007062320675329305,6.00483527312797e-05,12.0
2008-08-01,0.0057736720554273,0.008494501232118694,2.334267040149388e-05,12.0
2008-09-01,-0.0011812495525569,-0.0025626591486990675,2.4705694094853016e-05,12.0
2008-10-01,-0.0068781367885847,0.0033117986318343725,3.256181921680561e-06,12.0
2008-11-01,0.0022857142857143,-0.00045372911397806054,-1.9047619047618592e-05,12.0
2008-12-01,-0.0022909507445589,7.735748360267792e-05,-1.1622501162247804e-05,12.0
2009-01-01,-0.0034495773840288,-0.0074001536803841375,-4.230388387410777e-05,12.0
2009-02-01,0.0126689345951005,0.008414204934611673,-2.4689586256748578e-05,12.0
2009-03-01,-0.005781617475687,-0.00022435129762558113,4.613040671954645e-05,12.0
2009-04-01,0.0011441617537333,0.002466127624234443,-3.6804111214605235e-05,12.0
2009-05-01,0.0022804778268696,-0.002156334444536788,-1.5486890406681834e-05,12.0
2009-06-01,-0.0022961157159111,0.0008299624826076777,1.5138396956578907e-05,12.0
2009-07-01,-0.0034103866353131,-0.004863265322639411,3.0407826909532257e-05,12.0
2009-08-01,0.0045441646888865,0.007309310663050015,2.492894729583476e-05,12.0
2009-09-01,-0.0034090909090909,-0.002788901300714601,5.388833082204762e-06,12.0
2009-10-01,0.0011325028312572,-0.004679617061948093,-2.2956841138659438e-05,12.0
2009-11-01,0.0011299406076565,0.003092543655481613,9.437523593810598e-06,12.0
2009-12-01,0.0011235610757589,-0.0027946044618746735,7.406808877393906e-06,12.0
2010-01-01,-0.0045108639072487,-0.0020043912057898326,5.354335747559738e-06,12.0
2010-02-01,0.0033771116448283,0.008840357618061711,4.7625715732181434e-05,12.0
2010-03-01,0.0022421297702195,-0.005671026278590525,-4.188072369891091e-06,12.0
2010-04-01,0.0010984591408391,0.0017146618486009314,1.455941062682574e-05,12.0
2010-05-01,-0.0033681470587505,0.001246311483427738,1.2360434351793251e-05,12.0
2010-06-01,-0.0011148161911309,-0.0017082183246910528,-4.198490465635082e-06,12.0
2010-07-01,-0.0033271728136512,-0.002680685087956993,-2.088885868812568e-06,12.0
2010-08-01,0.0066617393446661,0.0034161469569335885,1.5489933802499125e-05,12.0
2010-09-01,-0.0044444444444444,-0.0016080303061835758,3.703703703703583e-05,12.0
2010-10-01,0.0022123893805308,0.0010835675160915071,-5.684402000909507e-05,12.0
2010-11-01,0.001098868897615,0.00024836798783891336,1.8436578171089104e-05,12.0
2010-12-01,0.005489621809863,0.00026890853308761034,5.010259815621647e-06,12.0
2011-01-01,-0.0077103675471146,-0.0035414722088115127,7.334066740007252e-05,12.0
2011-02-01,0.0043561105527876,0.0028575087471668305,6.53939108137567e-05,12.0
2011-03-01,-0.0021963522377772,-8.747074833252481e-05,2.2712788819229143e-05,12.0
2011-04-01,0.0043091243924755,0.0011508581575985746,4.471388747190821e-06,12.0
2011-05-01,-0.0054157725259791,-0.0028753206932862186,6.612461530815788e-06,12.0
2011-06-01,-0.0021436227224009,0.0005077712763865086,-3.8140061542718164e-05,12.0
2011-07-01,0.0,-0.0035255339419051593,-1.1125945705386508e-05,12.0
2011-08-01,0.0042780748663102,0.006068623171094261,5.555555555555429e-05,12.0
2011-09-01,0.002111701491517,-0.004243795310215052,2.093576906051781e-06,12.0
2011-10-01,-0.0063897763578273,0.0028947292326996087,3.096649638652596e-05,12.0
2011-11-01,0.0021164021164021,-0.0009840550734914386,1.111111111110766e-05,12.0
2011-12-01,0.0010514965108416,0.003887918363062268,1.7636684303348458e-05,12.0
2012-01-01,-0.0063257933640858,-0.004402564316877045,1.527320952164343e-05,12.0
2012-02-01,0.0084377257822485,0.002880057513451595,-4.0935672514640665e-06,12.0
2012-03-01,-0.003178990709272,-0.0011752698092086095,2.1716952116352668e-05,12.0
2012-04-01,0.0031402498106161,0.0021020535218642866,-4.715219421103465e-06,12.0
2012-05-01,-0.0052410901467505,-0.0032000360597894163,-6.504899118318051e-07,12.0
2012-06-01,-0.0031282586027112,-0.0010698544662612912,-2.2045855379191804e-05,12.0
2012-07-01,0.0041742837073137,-0.0006016748284279968,-2.606882168926262e-05,12.0
2012-08-01,0.0031337032130567,0.003988140149586693,3.070456276702322e-05,12.0
2012-09-01,-0.0010579801386789,0.000945963739466917,1.2785213934634065e-05,12.0
2012-10-01,0.0010276294143807,-0.003932480585728697,4.026881262826559e-06,12.0
2012-11-01,-0.0020832618908817,0.0004129674193518049,2.361323433063741e-05,12.0
2012-12-01,0.0010266678026753,0.0006697515227106415,1.721763085399073e-05,12.0
2013-01-01,-0.0061760311927188,-0.0037012446925797243,3.872188429941519e-06,12.0
2013-02-01,0.0082378868628218,0.005730290752808503,1.7993468920795655e-05,12.0
2013-03-01,-0.0020777160983347,-0.002150965560683334,2.0996608849585657e-05,12.0
2013-04-01,-0.0010319333018717,0.0023111765254572128,-7.2104855284935244e-06,12.0
2013-05-01,-4.173448520550238e-06,-0.0037283391431114634,-2.658843599324939e-05,12.0
2013-06-01,-0.004077476204331,-0.0019331941138388156,1.7006802721085243e-05,12.0
2013-07-01,0.0020366598778004,0.002171014845590953,-6.121471203896465e-06,12.0
2013-08-01,0.0040816326530612,0.0033332589731468816,1.0864841373313019e-05,12.0
2013-09-01,-0.0010328521652565,-0.0017708079811547947,1.2255554963495608e-05,12.0
2013-10-01,-0.0020356092618676,0.001430314503187542,3.7051151761467437e-06,12.0
2013-11-01,-0.0010131712259371,-0.0019536609130998126,-2.3794172730365617e-06,12.0
2013-12-01,0.0040485829959515,0.0003768244679545944,-3.2092384305570933e-18,12.0
2014-01-01,-0.0090889055765966,-0.0034819577163099813,1.2121243945940191e-05,12.0
2014-02-01,0.0090930074843936,0.005607608444781137,-9.661161651994006e-06,12.0
2014-03-01,-0.0020345214325072,-0.001583322662987184,1.2127352552879396e-05,12.0
2014-04-01,0.0010029845650123,-0.0011431292372867208,6.02355569730187e-06,12.0
2014-05-01,-0.0030211480362536,0.0007019100877789576,-7.165292884607315e-06,12.0
2014-06-01,0.002008032128514,-0.002723494423956956,-3.2216494845364336e-05,12.0
2014-07-01,-0.0040120401445461,0.00019988928341681668,1.6733601070948162e-05,12.0
2014-08-01,0.0050160562088031,0.00419590861234433,4.6948839913439655e-06,12.0
2014-09-01,-0.0020110471917702,-0.0015729260900385423,3.650380156401447e-06,12.0
2014-10-01,-1.0010010009775527e-06,-0.0006702799741578317,8.341675008338148e-06,12.0
2014-11-01,-0.0029980019980018,-0.0015358910036718891,-1.3061617458282569e-05,12.0
2014-12-01,0.0019980019980019,0.003386084993258546,-3.799017883525135e-05,12.0
2015-01-01,-0.007007007007007,-0.006708267297083332,-3.192848020434468e-05,12.0
2015-02-01,0.010031200555394,0.006655630559750117,-2.658510928231308e-05,12.0
2015-03-01,-0.0020191684227588,-0.0021174822826925655,3.915959433661043e-06,12.0
2015-04-01,0.0020070230671429,0.001138829579654642,-2.3471924377728075e-05,12.0
2015-05-01,-0.0010100461907691,-0.002712156922018716,-6.625486718447524e-06,12.0
2015-06-01,-0.0020020020020019,0.0018429301205654214,-1.4922212562332214e-05,12.0
2015-07-01,-0.0009990009990009,-0.003808589370313588,-5.204170427930421e-19,12.0
2015-08-01,0.0039990009990008,0.004757395343846672,-1.882039035691299e-05,12.0
2015-09-01,-0.0039970089730806,-0.0022818887908876116,4.035639412997005e-06,12.0
2015-10-01,0.0019950129650966,0.0007958354277268231,-2.9220160513858496e-05,12.0
2015-11-01,-0.0009980039920158,-0.0027772921484022703,-2.113003862945206e-06,12.0
2015-12-01,0.0009970089730808,0.0015780504335794572,-2.168404344971009e-19,12.0
2016-01-01,-0.0059770886543557,-0.004452354183302227,-2.294159189099275e-05,12.0
2016-02-01,0.0069820816832768,0.007119358054408733,-1.0367413699291953e-05,12.0
2016-03-01,0.000995000995001,-0.0021396619220910595,-4.14998331665032e-06,12.0
2016-04-01,-0.0010049711244932,0.0019927262024566858,4.193645091400342e-06,12.0
2016-05-01,-3.960301933059185e-06,-0.0010264024958165393,-3.522394666772635e-05,12.0
2016-06-01,-3.944586449700083e-06,-0.001066936756134633,-2.4635868349850176e-05,12.0
2016-07-01,-0.0029742259940278,-0.0019683958835584213,-3.965813467658499e-06,12.0
2016-08-01,0.0039633398424082,0.004007988691880097,-8.25082508250768e-06,12.0
2016-09-01,-8.813955037156873e-06,-0.003030995286373833,-5.897839688205967e-06,12.0
2016-10-01,-0.0019792052025935,0.0015679386282069247,1.4516108249494446e-05,12.0
2016-11-01,0.0009832822621311,-0.0007905146752615119,-1.96482955103896e-06,12.0
2016-12-01,0.0019607691474714,0.0007753630905758096,-3.921003776968136e-06,12.0
2017-01-01,-0.0078431674093326,-0.0040827202960386,-7.807558034854823e-06,12.0
2017-02-01,0.0098078039515725,0.00521444969324324,1.782812033566432e-05,12.0
2017-03-01,-0.0029642221267192,0.0005517327407095103,1.8665243641254366e-05,12.0
2017-04-01,0.0019388616723465,-0.0007318512057357766,-1.603901193365645e-05,12.0
2017-05-01,-0.0019615724281605,0.00036816687841888864,1.037800638791188e-05,12.0
2017-06-01,-0.002906976744186,3.0069771276223904e-05,4.1686489612776805e-06,12.0
2017-07-01,0.0,-0.0028920917423858375,-2.0008003201280853e-05,12.0
2017-08-01,0.0048309178743961,0.003938751012518182,3.9920159680638304e-05,12.0
2017-09-01,-0.0019463024897807,-0.0007610259344447701,1.0173413092890807e-05,12.0
2017-10-01,-0.001925842613762,-0.0001120815602998194,1.4046455143576584e-05,12.0
2017-11-01,0.0019147904475373,-0.00038412977179337013,-2.1950346670033342e-05,12.0
2017-12-01,-8.23370549674074e-06,0.0012513625432412213,-5.8865754076029874e-06,12.0
2018-01-01,-0.0076272342747987,-0.004599228919655879,-1.5757608795643277e-05,12.0
2018-02-01,0.0085896559580771,0.006623648553903325,-2.3480792711499364e-07,12.0
2018-03-01,-0.0019211735031314,-0.002726380018967087,-1.7646266785760797e-05,12.0
2018-04-01,0.0018993214506317,0.0014066894402573853,-1.3662679981160838e-05,12.0
2018-05-01,-1.442994935985098e-05,-0.0006453904254945497,-3.699245805871334e-05,12.0
2018-06-01,-0.0037914691943128,-0.00257402278140651,-1.7080435841785452e-05,12.0
2018-07-01,0.0,-0.000510879942737172,-4.839334107626699e-05,12.0
2018-08-01,0.0056657223796032,0.0040718640353066115,5.204170427930421e-19,12.0
2018-09-01,-0.0047267552434531,-0.0019618200597982124,-8.995806318669887e-07,12.0
2018-10-01,-8.808322100595234e-07,-0.0007780916698719989,-3.0445461389335254e-05,12.0
2018-11-01,0.0009363279416081,0.000739999350482043,2.686500491378676e-05,12.0
2018-12-01,-3.506855464241454e-06,-0.00024014903895666477,1.5620118712901762e-05,12.0
2019-01-01,-0.0084068551025021,-0.004460966548159315,3.468215112202392e-05,12.0
2019-02-01,0.0102953462086586,0.005979265315167614,-6.6284965319202254e-06,12.0
2019-03-01,-0.0018867393202104,-0.002056387658609784,-2.640839975226947e-05,12.0
2019-04-01,0.0037348174594837,0.0013014032949607676,6.048918210035528e-06,12.0
2019-05-01,-0.0028193725462943,7.023522287428014e-05,2.763771575795554e-05,12.0
2019-06-01,-0.0027881040892194,-0.002742564178931812,-1.4861037351743686e-05,12.0
2019-07-01,0.0009267840593141,-0.0009904317163929306,-1.8960940462646112e-05,12.0
2019-08-01,0.0018509937184636,0.005042890152257009,1.7182148659247187e-05,12.0
2019-09-01,-0.0018544167436134,-0.0039013615346746144,-5.260942760943546e-06,12.0
2019-10-01,-0.0018458702592566,0.0015825324165104847,7.694675284702203e-06,12.0
2019-11-01,0.0027692312934209,-0.00010398584922317884,-1.7125100469579426e-05,12.0
2019-12-01,-0.0018467220683286,0.00010079762140168933,-3.464344754876165e-06,12.0
2020-01-01,-0.0018433179723502,-0.006515535460629775,-2.8216704288938576e-05,12.0
2020-02-01,0.0046134010748433,0.007018630265034339,-5.987154831451023e-06,12.0
2020-03-01,-0.002770083102493,-0.00014086253099301194,4.315257085340622e-06,12.0
2020-04-01,0.0,0.0024795708763775373,-3.745318352059689e-05,12.0
2020-05-01,0.0,-0.002737967205179502,-4.660700969425606e-05,12.0
2020-06-01,0.0018416206261511,-0.0033856637984773295,-1.853911753800184e-05,12.0
2020-07-01,0.0018348499620841,0.0003770231888982599,6.097855939348149e-06,12.0
2020-08-01,-0.007339474251239,0.001927125135577018,4.911471240380899e-05,12.0
2020-09-01,0.007339474251239,-0.0014412364241955051,-6.756206756206685e-05,12.0
2020-10-01,-0.0036764705882352,-0.0019987492336655016,3.0637254901961455e-05,12.0
2020-11-01,-0.000915750915751,0.00235180032998265,-1.8436578171088525e-05,12.0
2020-12-01,0.0036655217681801,-0.000873390873006851,-3.5225076615805194e-05,12.0
2021-01-01,-0.0036638476348789,-0.0017262580505975804,-5.0425910296496004e-05,12.0
2021-02-01,0.0018289898657068,0.0033504767815400373,-1.6704911027865195e-05,12.0
2021-03-01,0.0018273172640921,-0.0015789428556296095,-3.776425008687184e-05,12.0
2021-04-01,0.003638808850463,-0.0007686560673683166,-4.2336709046276575e-06,12.0
2021-05-01,-0.0009462565891167,0.0008953746328978679,-9.819633754731855e-06,12.0
2021-06-01,-0.0018311790050919,0.001983869110244354,2.7426332385788162e-05,12.0
2021-07-01,-0.0036036036036035,0.0023978738454047454,3.003003003002981e-05,12.0
2021-08-01,0.0062836624775581,-0.00525461559008073,6.649773324577761e-19,12.0
2021-09-01,-0.0036074804971835,0.005606938080585536,1.6713230093733188e-05,12.0
2021-10-01,0.0062206151726502,-0.0011649068052842367,-3.0946619812104254e-05,12.0
2021-11-01,-0.0027239576468522,0.00027562141588785327,7.41399762752082e-05,12.0
2021-12-01,-0.0009142943703268,0.002957634793725784,3.3803644914755674e-05,12.0
2022-01-01,-0.0061303847173628,-0.002183082564141896,1.742205423835233e-05,12.0
2022-02-01,0.0078526423738383,0.0020414450322328273,1.9050459627710602e-05,12.0
2022-03-01,0.0025512595993597,0.0005788207728894562,1.4174764557625616e-05,12.0
2022-04-01,0.0119271650761301,0.0043398047869767625,6.192685046288974e-05,12.0
2022-05-01,-0.0155768745266346,-8.847155893822962e-05,0.00013515114434217314,12.0
2022-06-01,0.0008010221632512,-0.00010360123963255622,4.901960784313893e-05,12.0
2022-07-01,-0.0008742464737223,-0.004431403261893396,8.176361422615903e-05,12.0
2022-08-01,-0.0008586335812004,0.0067589702959575185,3.9692529384192324e-05,12.0
2022-09-01,-0.0008454047375181,-0.0012326637960665297,6.423056098716519e-06,12.0
2022-10-01,0.0122481394508913,0.007075138577799271,8.194517775056477e-06,12.0
2022-11-01,-0.0123307036164581,-0.005517509294219096,0.0001016987680793115,12.0
2022-12-01,-1.6115890009604783e-05,-0.0012447098985940823,1.6303420366174774e-05,12.0
2023-01-01,-0.0079968332412467,-0.004833156830813469,7.6135562604672085e-06,12.0
2023-02-01,0.013605807600221,0.006833699250147867,-7.559794143932076e-06,12.0
2023-03-01,-0.0032661782661782,0.0016236341703053012,3.717287866772794e-05,12.0
2023-04-01,0.0054804466476392,0.009025074188551904,2.7269027269032104e-05,12.0
2023-05-01,-0.0055942671823483,-0.012190013829358992,8.153886018162293e-05,12.0
2023-06-01,-0.0039116057990051,0.0014458070973455586,3.495474573305838e-05,12.0
2023-07-01,-0.0054149701236837,-0.006065884928766309,3.6336999110774215e-05,12.0
2023-08-01,0.0061919653019902,0.005486914586570055,-2.575991756825994e-05,12.0
2023-09-01,0.0023088074955366,-0.0005651342436771387,-8.17381216051827e-06,12.0
2023-10-01,-0.0046409431812646,0.007812437856717817,1.967335167942421e-05,12.0
2023-11-01,-0.0023047378183623,-0.011689218354805804,-2.037764315550826e-06,12.0
2023-12-01,0.0053822521564456,-0.0014091003666534426,-1.2800819252427494e-05,12.0
2024-01-01,-0.0076775714706749,-0.0047773525941207625,-1.6869095816432997e-06,12.0
2024-02-01,0.0099852637783672,0.009068390810341805,1.0074207967704161e-05,12.0
2024-03-01,-3.76382027760247e-05,0.00028292756886259395,1.7509677084150826e-05,12.0
2024-04-01,-0.0015569374343529,0.00125258931009868,3.415037066524394e-05,12.0
2024-05-01,-0.0007771222565053,-0.006095212253675753,1.2817687337200532e-05,12.0
2024-06-01,-0.001521409752299,0.00012886022567503433,3.15179021684364e-05,12.0
2024-07-01,-0.0030126182071608,-0.002349192342652739,2.105886494994733e-06,12.0
2024-08-01,0.0045141069377732,0.005415199174257888,1.0434402639872246e-05,12.0
2024-09-01,-0.0030126020511189,-0.0010347696852112858,6.251492047956402e-06,12.0
2024-10-01,0.0052428841758898,-0.00115403134181611,-2.094798446616083e-06,12.0
2024-11-01,-0.0037587044489253,-0.0025745502550682375,4.160424469414039e-05,12.0
2024-12-01,0.0014809053382296,0.001920409497282365,3.5265057603111234e-05,12.0
2025-01-01,-0.0037147102526002,-0.0022316614887413514,3.0955918771675396e-05,12.0
2025-02-01,0.0037009622501851,0.005169165545565749,5.8391725058398734e-05,12.0
2025-03-01,-1.3646615966811382e-05,-0.0012819060775407154,5.639739181657888e-06,12.0
2025-04-01,0.0080687460851056,0.0009172534436888552,2.235242090492445e-05,12.0
2025-05-01,-0.009577412481851,-0.0019765106976379217,7.286677938794699e-05,12.0
2025-06-01,0.0007199014871648,0.0008244175812247138,1.4720602955978154e-06,12.0
2025-07-01,-0.0021760073720367,-0.0027797655498065393,2.415458937198702e-05,12.0
2025-08-01,0.0021655432899982,0.0029787600516259258,1.434620293002201e-05,12.0
2025-09-01,-0.0028880866425993,-0.0014856654063623365,-9.326113116662921e-07,12.0
2025-10-01,0.0043196544276458,0.005101197396924839,8.308408109011211e-06,12.0
2025-11-01,-0.0050365003057819,-0.00502761924909158,2.768042029692123e-05,12.0
2025-12-01,0.0043036464520243,0.0002937175764749773,-5.973715651129592e-06,12.0
2026-01-01,-0.0071607819891847,-0.0032818221893546502,2.158159667339955e-05,12.0
2026-02-01,0.0078781421039622,0.005098191759283592,1.1717485549824571e-05,12.0
2026-03-01,0.0014101250256202,-0.001052692303139819,1.918465572220291e-05,12.0
2026-04-01,0.0013879870129869,0.003318927940929021,2.2644022644029554e-05,12.0
